123,99,124
124,98,126
126,96,136
124,111,99
122,110,102
118,102,119
125,107,147
122,106,154
124,106,123
118,107,94
119,121,93
114,105,128
129,103,144
117,105,147
126,113,128
123,111,100
123,119,92
124,100,129
124,102,143
123,101,145
123,105,114
123,110,103
123,110,100
119,102,128
129,103,148
128,103,141
124,107,112
121,113,100
128,110,99
120,104,127
129,101,142
127,101,141
124,105,124
123,112,101
123,116,97
119,105,114
126,101,140
125,102,141
125,99,136
121,108,105
120,110,99
123,105,102
121,100,137
126,101,143
124,99,142
120,102,121
121,110,102
125,113,104
128,108,110
123,100,143
126,104,139
126,105,144
126,105,136
122,106,113
123,110,102
127,108,104
126,99,134
125,103,137
125,104,142
123,102,135
122,105,115
119,112,103
125,109,103
120,101,116
130,99,146
127,101,148
119,103,125
124,105,114
121,112,102
127,109,103
117,99,130
127,103,145
125,103,145
125,101,132
120,108,101
123,112,101
126,107,106
120,101,135
125,102,141
124,101,138
123,103,116
126,108,101
128,107,107
120,103,127
125,102,141
125,102,139
118,101,127
127,108,102
129,110,100
120,101,123
126,99,143
123,101,138
124,104,123
123,108,101
124,109,99
124,103,120
131,98,140
125,101,139
124,100,128
