123,100,125
124,101,127
120,95,141
128,112,101
129,116,99
130,103,130
127,116,150
125,113,152
124,108,124
126,114,101
130,120,95
132,112,135
120,107,147
119,105,147
125,110,121
121,116,101
125,118,92
128,110,126
128,111,145
118,105,151
130,112,119
125,110,106
126,113,97
127,108,132
126,108,147
127,105,150
126,110,113
120,113,99
119,109,99
129,106,133
125,107,142
123,104,148
128,111,126
127,115,101
122,112,95
127,107,121
132,106,146
129,105,148
126,101,137
128,111,95
124,115,100
124,106,106
132,108,126
137,110,144
131,104,147
126,103,125
121,108,106
121,111,105
122,108,105
132,107,127
132,108,151
129,110,150
130,110,142
127,110,116
122,110,103
118,106,108
123,104,124
129,108,142
130,112,152
125,106,137
128,109,121
123,112,105
117,101,121
130,109,136
127,108,144
128,106,156
130,109,129
126,112,96
123,112,100
120,104,116
133,106,131
127,107,147
130,108,147
128,107,123
126,107,107
124,107,102
120,104,113
134,109,131
130,108,147
129,107,141
127,109,121
120,108,103
120,105,107
127,105,136
127,106,143
127,105,144
127,104,130
117,108,102
120,107,101
128,106,116
125,106,145
124,105,146
129,105,132
119,110,101
122,107,106
123,104,105
128,100,146
128,105,142
126,103,138
